                      
	Minimum= 0                      
	Maximum= 0                        
	Range= 2.23865e-313                         
	Size= 0                          
	Sum= 0                         
	Mean= 2.23865e-313                       
	Median= nan                         
	Mode= 2.23865e-313           
	Standard Deviation= 2.23865e-313                     
	Variance= 2.23865e-313                     
	Midrange= 2                     
	Skewness= 1.4854e-313                     
	Kurtosis= 1.4854e-313              
	Kurtosis Excess= 6.14854e-312        
	Coefficient Variation= 1.4854e-313  
	Relative Standard Deviation= 2              
	Frequency Table= 

